{
 "cells": [
  {
   "cell_type": "code",
   "execution_count": 57,
   "metadata": {},
   "outputs": [],
   "source": [
    "import pandas as pd\n",
    "import numpy as np\n",
    "import matplotlib.pyplot as plt\n",
    "import seaborn as sns\n",
    "import collections"
   ]
  },
  {
   "cell_type": "code",
   "execution_count": 58,
   "metadata": {},
   "outputs": [
    {
     "data": {
      "text/html": [
       "<div>\n",
       "<style scoped>\n",
       "    .dataframe tbody tr th:only-of-type {\n",
       "        vertical-align: middle;\n",
       "    }\n",
       "\n",
       "    .dataframe tbody tr th {\n",
       "        vertical-align: top;\n",
       "    }\n",
       "\n",
       "    .dataframe thead th {\n",
       "        text-align: right;\n",
       "    }\n",
       "</style>\n",
       "<table border=\"1\" class=\"dataframe\">\n",
       "  <thead>\n",
       "    <tr style=\"text-align: right;\">\n",
       "      <th></th>\n",
       "      <th>Time Stamp</th>\n",
       "      <th>T</th>\n",
       "      <th>Po</th>\n",
       "      <th>P</th>\n",
       "      <th>Pa</th>\n",
       "      <th>U</th>\n",
       "      <th>DD</th>\n",
       "      <th>Ff</th>\n",
       "      <th>ff10</th>\n",
       "      <th>ff3</th>\n",
       "      <th>...</th>\n",
       "      <th>Cm</th>\n",
       "      <th>Ch</th>\n",
       "      <th>VV</th>\n",
       "      <th>Td</th>\n",
       "      <th>RRR</th>\n",
       "      <th>tR</th>\n",
       "      <th>E</th>\n",
       "      <th>Tg</th>\n",
       "      <th>E'</th>\n",
       "      <th>sss</th>\n",
       "    </tr>\n",
       "  </thead>\n",
       "  <tbody>\n",
       "    <tr>\n",
       "      <th>0</th>\n",
       "      <td>24.12.2023 23:00</td>\n",
       "      <td>-2.8</td>\n",
       "      <td>775.6</td>\n",
       "      <td>776.1</td>\n",
       "      <td>-0.2</td>\n",
       "      <td>85</td>\n",
       "      <td>无风</td>\n",
       "      <td>0</td>\n",
       "      <td>NaN</td>\n",
       "      <td>NaN</td>\n",
       "      <td>...</td>\n",
       "      <td>NaN</td>\n",
       "      <td>NaN</td>\n",
       "      <td>2.8</td>\n",
       "      <td>-5.0</td>\n",
       "      <td>1</td>\n",
       "      <td>12.0</td>\n",
       "      <td>NaN</td>\n",
       "      <td>NaN</td>\n",
       "      <td>NaN</td>\n",
       "      <td>NaN</td>\n",
       "    </tr>\n",
       "    <tr>\n",
       "      <th>1</th>\n",
       "      <td>24.12.2023 20:00</td>\n",
       "      <td>-1.3</td>\n",
       "      <td>775.8</td>\n",
       "      <td>776.2</td>\n",
       "      <td>0.1</td>\n",
       "      <td>72</td>\n",
       "      <td>从西南方吹来的风</td>\n",
       "      <td>1</td>\n",
       "      <td>NaN</td>\n",
       "      <td>8.0</td>\n",
       "      <td>...</td>\n",
       "      <td>NaN</td>\n",
       "      <td>NaN</td>\n",
       "      <td>3.1</td>\n",
       "      <td>-5.7</td>\n",
       "      <td>1</td>\n",
       "      <td>12.0</td>\n",
       "      <td>NaN</td>\n",
       "      <td>NaN</td>\n",
       "      <td>NaN</td>\n",
       "      <td>NaN</td>\n",
       "    </tr>\n",
       "    <tr>\n",
       "      <th>2</th>\n",
       "      <td>24.12.2023 17:00</td>\n",
       "      <td>4.6</td>\n",
       "      <td>775.7</td>\n",
       "      <td>776.2</td>\n",
       "      <td>-0.2</td>\n",
       "      <td>41</td>\n",
       "      <td>从西方吹来的风</td>\n",
       "      <td>2</td>\n",
       "      <td>NaN</td>\n",
       "      <td>8.0</td>\n",
       "      <td>...</td>\n",
       "      <td>NaN</td>\n",
       "      <td>NaN</td>\n",
       "      <td>8.0</td>\n",
       "      <td>-7.5</td>\n",
       "      <td>1</td>\n",
       "      <td>12.0</td>\n",
       "      <td>NaN</td>\n",
       "      <td>NaN</td>\n",
       "      <td>NaN</td>\n",
       "      <td>NaN</td>\n",
       "    </tr>\n",
       "    <tr>\n",
       "      <th>3</th>\n",
       "      <td>24.12.2023 14:00</td>\n",
       "      <td>5.9</td>\n",
       "      <td>775.9</td>\n",
       "      <td>776.3</td>\n",
       "      <td>-2.1</td>\n",
       "      <td>37</td>\n",
       "      <td>从西方吹来的风</td>\n",
       "      <td>4</td>\n",
       "      <td>NaN</td>\n",
       "      <td>8.0</td>\n",
       "      <td>...</td>\n",
       "      <td>NaN</td>\n",
       "      <td>NaN</td>\n",
       "      <td>9.0</td>\n",
       "      <td>-7.7</td>\n",
       "      <td>1</td>\n",
       "      <td>12.0</td>\n",
       "      <td>NaN</td>\n",
       "      <td>NaN</td>\n",
       "      <td>NaN</td>\n",
       "      <td>NaN</td>\n",
       "    </tr>\n",
       "    <tr>\n",
       "      <th>4</th>\n",
       "      <td>24.12.2023 11:00</td>\n",
       "      <td>4.0</td>\n",
       "      <td>778.0</td>\n",
       "      <td>778.5</td>\n",
       "      <td>-0.3</td>\n",
       "      <td>44</td>\n",
       "      <td>从西北偏西方向吹来的风</td>\n",
       "      <td>3</td>\n",
       "      <td>NaN</td>\n",
       "      <td>7.0</td>\n",
       "      <td>...</td>\n",
       "      <td>NaN</td>\n",
       "      <td>NaN</td>\n",
       "      <td>10.0</td>\n",
       "      <td>-7.4</td>\n",
       "      <td>1</td>\n",
       "      <td>12.0</td>\n",
       "      <td>NaN</td>\n",
       "      <td>NaN</td>\n",
       "      <td>NaN</td>\n",
       "      <td>NaN</td>\n",
       "    </tr>\n",
       "  </tbody>\n",
       "</table>\n",
       "<p>5 rows × 29 columns</p>\n",
       "</div>"
      ],
      "text/plain": [
       "         Time Stamp    T     Po      P   Pa   U           DD  Ff  ff10  ff3  \\\n",
       "0  24.12.2023 23:00 -2.8  775.6  776.1 -0.2  85           无风   0   NaN  NaN   \n",
       "1  24.12.2023 20:00 -1.3  775.8  776.2  0.1  72     从西南方吹来的风   1   NaN  8.0   \n",
       "2  24.12.2023 17:00  4.6  775.7  776.2 -0.2  41      从西方吹来的风   2   NaN  8.0   \n",
       "3  24.12.2023 14:00  5.9  775.9  776.3 -2.1  37      从西方吹来的风   4   NaN  8.0   \n",
       "4  24.12.2023 11:00  4.0  778.0  778.5 -0.3  44  从西北偏西方向吹来的风   3   NaN  7.0   \n",
       "\n",
       "   ...  Cm  Ch    VV   Td  RRR    tR    E  Tg  E'  sss  \n",
       "0  ... NaN NaN   2.8 -5.0    1  12.0  NaN NaN NaN  NaN  \n",
       "1  ... NaN NaN   3.1 -5.7    1  12.0  NaN NaN NaN  NaN  \n",
       "2  ... NaN NaN   8.0 -7.5    1  12.0  NaN NaN NaN  NaN  \n",
       "3  ... NaN NaN   9.0 -7.7    1  12.0  NaN NaN NaN  NaN  \n",
       "4  ... NaN NaN  10.0 -7.4    1  12.0  NaN NaN NaN  NaN  \n",
       "\n",
       "[5 rows x 29 columns]"
      ]
     },
     "execution_count": 58,
     "metadata": {},
     "output_type": "execute_result"
    }
   ],
   "source": [
    "data_path=r'C:\\Codefield\\CODE_C\\PYTHON\\ML\\data.xlsx'\n",
    "df=pd.read_excel(data_path)\n",
    "df.head()"
   ]
  },
  {
   "cell_type": "code",
   "execution_count": 59,
   "metadata": {},
   "outputs": [],
   "source": [
    "\"\"\" df.loc[(df['RRR']!='无降水') & (pd.notna(df['RRR'])) & (df['RRR']!='降水迹象'),'RRR']=0\n",
    "df.loc[df['RRR']=='无降水','RRR']=1\n",
    "df.loc[df['RRR']=='降水迹象','RRR']=1\n",
    "#df.loc[pd.isna(df['RRR']),'RRR']=1\n",
    "df['RRR']=df['RRR'].astype('float64') \"\"\"\n",
    "df.loc[df['VV']=='低于 0.1','VV']=0\n",
    "df['VV']=df['VV'].astype('float64')\n",
    "df[\"Date\"],df['Month']='',''\n",
    "df[\"Date\"]=df[\"Time Stamp\"].apply(lambda x:x[0:10])\n",
    "df['Month']=df[\"Time Stamp\"].apply(lambda x:x[3:5])\n",
    "df['Month']=df['Month'].astype('int64')\n",
    "\"\"\" df['Time']=''\n",
    "df['Time']=df[\"Time Stamp\"].apply(lambda x:x[11:13])\n",
    "df['Year']=''\n",
    "df['Year']=df[\"Time Stamp\"].apply(lambda x:x[8:10])\n",
    "A=['01','02','03','04','05','06','07','08','09','10','11','12','13','14','15','16','17','18']\n",
    "B=['18','17','16','15','14','13','12']\n",
    "for year in A :\n",
    "    if year not in B:\n",
    "        df.drop(df[df['Year']==year].index, inplace=True)\n",
    "df.drop(columns=[\"Year\"],inplace=True) \"\"\"\n",
    "df.drop(columns=[\"Time Stamp\",\"tR\"],inplace=True)\n"
   ]
  },
  {
   "cell_type": "code",
   "execution_count": 60,
   "metadata": {},
   "outputs": [
    {
     "name": "stdout",
     "output_type": "stream",
     "text": [
      "<class 'pandas.core.frame.DataFrame'>\n",
      "RangeIndex: 2832 entries, 0 to 2831\n",
      "Data columns (total 28 columns):\n",
      " #   Column  Non-Null Count  Dtype  \n",
      "---  ------  --------------  -----  \n",
      " 0   T       2832 non-null   float64\n",
      " 1   Po      2832 non-null   float64\n",
      " 2   P       2831 non-null   float64\n",
      " 3   Pa      2654 non-null   float64\n",
      " 4   U       2832 non-null   int64  \n",
      " 5   DD      2832 non-null   object \n",
      " 6   Ff      2832 non-null   int64  \n",
      " 7   ff10    0 non-null      float64\n",
      " 8   ff3     2518 non-null   float64\n",
      " 9   N       89 non-null     object \n",
      " 10  WW      2832 non-null   object \n",
      " 11  W1      2047 non-null   object \n",
      " 12  W2      2047 non-null   object \n",
      " 13  Tn      2751 non-null   float64\n",
      " 14  Tx      2566 non-null   float64\n",
      " 15  Cl      0 non-null      float64\n",
      " 16  Nh      0 non-null      float64\n",
      " 17  H       2582 non-null   object \n",
      " 18  Cm      0 non-null      float64\n",
      " 19  Ch      0 non-null      float64\n",
      " 20  VV      2831 non-null   float64\n",
      " 21  Td      2832 non-null   float64\n",
      " 22  RRR     2832 non-null   int64  \n",
      " 23  E       646 non-null    object \n",
      " 24  Tg      0 non-null      float64\n",
      " 25  E'      0 non-null      float64\n",
      " 26  sss     0 non-null      float64\n",
      " 27  Month   2832 non-null   int64  \n",
      "dtypes: float64(17), int64(4), object(7)\n",
      "memory usage: 619.6+ KB\n"
     ]
    }
   ],
   "source": [
    "\"\"\" list=dict(df['Date'].value_counts(sort=False)).values()\n",
    "index=df.columns.get_loc('RRR')\n",
    "begin=end=0\n",
    "for num in list:\n",
    "    end+=num\n",
    "    list1=df.iloc[begin:end]['RRR'].values.tolist()\n",
    "    if 0 in list1:\n",
    "        df.iloc[begin:end,index]=0\n",
    "    elif np.isnan(list1).sum()==0 and len(list1)==8:\n",
    "        df.iloc[begin:end,index]=1\n",
    "    else:\n",
    "        df.iloc[begin:end,index]=np.nan\n",
    "    begin=end\n",
    "df.drop(df[pd.isna(df['RRR'])].index, inplace=True) \"\"\"\n",
    "df.drop(columns=[\"Date\"],inplace=True)\n",
    "df.info()"
   ]
  },
  {
   "cell_type": "code",
   "execution_count": 61,
   "metadata": {},
   "outputs": [
    {
     "name": "stdout",
     "output_type": "stream",
     "text": [
      "['T' 'Po' 'P' 'Pa' 'U' 'DD' 'Ff' 'ff10' 'ff3' 'N' 'WW' 'W1' 'W2' 'Tn' 'Tx'\n",
      " 'Cl' 'Nh' 'H' 'Cm' 'Ch' 'VV' 'Td' 'RRR' 'E' 'Tg' \"E'\" 'sss' 'Month']\n",
      "<class 'pandas.core.frame.DataFrame'>\n",
      "RangeIndex: 2832 entries, 0 to 2831\n",
      "Data columns (total 13 columns):\n",
      " #   Column  Non-Null Count  Dtype  \n",
      "---  ------  --------------  -----  \n",
      " 0   T       2832 non-null   float64\n",
      " 1   Po      2832 non-null   float64\n",
      " 2   P       2831 non-null   float64\n",
      " 3   Pa      2654 non-null   float64\n",
      " 4   U       2832 non-null   int64  \n",
      " 5   Ff      2832 non-null   int64  \n",
      " 6   ff3     2518 non-null   float64\n",
      " 7   Tn      2751 non-null   float64\n",
      " 8   Tx      2566 non-null   float64\n",
      " 9   VV      2831 non-null   float64\n",
      " 10  Td      2832 non-null   float64\n",
      " 11  RRR     2832 non-null   int64  \n",
      " 12  Month   2832 non-null   int64  \n",
      "dtypes: float64(9), int64(4)\n",
      "memory usage: 287.8 KB\n",
      "0       1\n",
      "1       1\n",
      "2       1\n",
      "3       1\n",
      "4       1\n",
      "       ..\n",
      "2827    1\n",
      "2828    1\n",
      "2829    1\n",
      "2830    1\n",
      "2831    1\n",
      "Name: RRR, Length: 2832, dtype: int64\n"
     ]
    }
   ],
   "source": [
    "attributes=df.columns.values\n",
    "print(attributes)\n",
    "for attribute in attributes:\n",
    "    if attribute not in [\"T\", \"Po\", \"P\", \"Pa\", \"U\", \"Ff\", \"ff3\", \"Tn\", \"Tx\", \"VV\", \"Td\",\"RRR\",'Month']:\n",
    "        df.drop(columns=[attribute],inplace=True)\n",
    "df.info()\n",
    "print(df['RRR'])"
   ]
  },
  {
   "cell_type": "code",
   "execution_count": 62,
   "metadata": {},
   "outputs": [
    {
     "data": {
      "text/html": [
       "<div>\n",
       "<style scoped>\n",
       "    .dataframe tbody tr th:only-of-type {\n",
       "        vertical-align: middle;\n",
       "    }\n",
       "\n",
       "    .dataframe tbody tr th {\n",
       "        vertical-align: top;\n",
       "    }\n",
       "\n",
       "    .dataframe thead th {\n",
       "        text-align: right;\n",
       "    }\n",
       "</style>\n",
       "<table border=\"1\" class=\"dataframe\">\n",
       "  <thead>\n",
       "    <tr style=\"text-align: right;\">\n",
       "      <th></th>\n",
       "      <th>T</th>\n",
       "      <th>Po</th>\n",
       "      <th>P</th>\n",
       "      <th>Pa</th>\n",
       "      <th>U</th>\n",
       "      <th>Ff</th>\n",
       "      <th>ff3</th>\n",
       "      <th>Tn</th>\n",
       "      <th>Tx</th>\n",
       "      <th>VV</th>\n",
       "      <th>Td</th>\n",
       "      <th>RRR</th>\n",
       "      <th>Month</th>\n",
       "    </tr>\n",
       "  </thead>\n",
       "  <tbody>\n",
       "    <tr>\n",
       "      <th>T</th>\n",
       "      <td>1.000000</td>\n",
       "      <td>-0.857133</td>\n",
       "      <td>-0.857823</td>\n",
       "      <td>-0.106341</td>\n",
       "      <td>0.068423</td>\n",
       "      <td>0.085283</td>\n",
       "      <td>-0.077103</td>\n",
       "      <td>0.926025</td>\n",
       "      <td>0.930994</td>\n",
       "      <td>0.370029</td>\n",
       "      <td>0.900307</td>\n",
       "      <td>-0.175499</td>\n",
       "      <td>0.292683</td>\n",
       "    </tr>\n",
       "    <tr>\n",
       "      <th>Po</th>\n",
       "      <td>-0.857133</td>\n",
       "      <td>1.000000</td>\n",
       "      <td>0.999974</td>\n",
       "      <td>0.068504</td>\n",
       "      <td>-0.315997</td>\n",
       "      <td>0.016855</td>\n",
       "      <td>0.051345</td>\n",
       "      <td>-0.864857</td>\n",
       "      <td>-0.863519</td>\n",
       "      <td>-0.129903</td>\n",
       "      <td>-0.877515</td>\n",
       "      <td>0.289936</td>\n",
       "      <td>-0.114278</td>\n",
       "    </tr>\n",
       "    <tr>\n",
       "      <th>P</th>\n",
       "      <td>-0.857823</td>\n",
       "      <td>0.999974</td>\n",
       "      <td>1.000000</td>\n",
       "      <td>0.068383</td>\n",
       "      <td>-0.315675</td>\n",
       "      <td>0.016442</td>\n",
       "      <td>0.051644</td>\n",
       "      <td>-0.865459</td>\n",
       "      <td>-0.864261</td>\n",
       "      <td>-0.130407</td>\n",
       "      <td>-0.878063</td>\n",
       "      <td>0.289683</td>\n",
       "      <td>-0.115128</td>\n",
       "    </tr>\n",
       "    <tr>\n",
       "      <th>Pa</th>\n",
       "      <td>-0.106341</td>\n",
       "      <td>0.068504</td>\n",
       "      <td>0.068383</td>\n",
       "      <td>1.000000</td>\n",
       "      <td>0.216656</td>\n",
       "      <td>-0.001578</td>\n",
       "      <td>0.140183</td>\n",
       "      <td>0.013858</td>\n",
       "      <td>0.007061</td>\n",
       "      <td>-0.075322</td>\n",
       "      <td>0.014180</td>\n",
       "      <td>-0.088282</td>\n",
       "      <td>0.011657</td>\n",
       "    </tr>\n",
       "    <tr>\n",
       "      <th>U</th>\n",
       "      <td>0.068423</td>\n",
       "      <td>-0.315997</td>\n",
       "      <td>-0.315675</td>\n",
       "      <td>0.216656</td>\n",
       "      <td>1.000000</td>\n",
       "      <td>-0.368921</td>\n",
       "      <td>-0.101770</td>\n",
       "      <td>0.322903</td>\n",
       "      <td>0.184538</td>\n",
       "      <td>-0.221553</td>\n",
       "      <td>0.489150</td>\n",
       "      <td>-0.393235</td>\n",
       "      <td>0.117910</td>\n",
       "    </tr>\n",
       "    <tr>\n",
       "      <th>Ff</th>\n",
       "      <td>0.085283</td>\n",
       "      <td>0.016855</td>\n",
       "      <td>0.016442</td>\n",
       "      <td>-0.001578</td>\n",
       "      <td>-0.368921</td>\n",
       "      <td>1.000000</td>\n",
       "      <td>0.543352</td>\n",
       "      <td>0.032819</td>\n",
       "      <td>0.022994</td>\n",
       "      <td>0.209174</td>\n",
       "      <td>-0.073097</td>\n",
       "      <td>-0.092447</td>\n",
       "      <td>-0.074906</td>\n",
       "    </tr>\n",
       "    <tr>\n",
       "      <th>ff3</th>\n",
       "      <td>-0.077103</td>\n",
       "      <td>0.051345</td>\n",
       "      <td>0.051644</td>\n",
       "      <td>0.140183</td>\n",
       "      <td>-0.101770</td>\n",
       "      <td>0.543352</td>\n",
       "      <td>1.000000</td>\n",
       "      <td>-0.005599</td>\n",
       "      <td>-0.001502</td>\n",
       "      <td>0.176546</td>\n",
       "      <td>-0.100319</td>\n",
       "      <td>-0.182354</td>\n",
       "      <td>-0.035340</td>\n",
       "    </tr>\n",
       "    <tr>\n",
       "      <th>Tn</th>\n",
       "      <td>0.926025</td>\n",
       "      <td>-0.864857</td>\n",
       "      <td>-0.865459</td>\n",
       "      <td>0.013858</td>\n",
       "      <td>0.322903</td>\n",
       "      <td>0.032819</td>\n",
       "      <td>-0.005599</td>\n",
       "      <td>1.000000</td>\n",
       "      <td>0.913461</td>\n",
       "      <td>0.359243</td>\n",
       "      <td>0.950341</td>\n",
       "      <td>-0.295658</td>\n",
       "      <td>0.308171</td>\n",
       "    </tr>\n",
       "    <tr>\n",
       "      <th>Tx</th>\n",
       "      <td>0.930994</td>\n",
       "      <td>-0.863519</td>\n",
       "      <td>-0.864261</td>\n",
       "      <td>0.007061</td>\n",
       "      <td>0.184538</td>\n",
       "      <td>0.022994</td>\n",
       "      <td>-0.001502</td>\n",
       "      <td>0.913461</td>\n",
       "      <td>1.000000</td>\n",
       "      <td>0.294031</td>\n",
       "      <td>0.897125</td>\n",
       "      <td>-0.139833</td>\n",
       "      <td>0.294639</td>\n",
       "    </tr>\n",
       "    <tr>\n",
       "      <th>VV</th>\n",
       "      <td>0.370029</td>\n",
       "      <td>-0.129903</td>\n",
       "      <td>-0.130407</td>\n",
       "      <td>-0.075322</td>\n",
       "      <td>-0.221553</td>\n",
       "      <td>0.209174</td>\n",
       "      <td>0.176546</td>\n",
       "      <td>0.359243</td>\n",
       "      <td>0.294031</td>\n",
       "      <td>1.000000</td>\n",
       "      <td>0.251214</td>\n",
       "      <td>0.035438</td>\n",
       "      <td>0.326938</td>\n",
       "    </tr>\n",
       "    <tr>\n",
       "      <th>Td</th>\n",
       "      <td>0.900307</td>\n",
       "      <td>-0.877515</td>\n",
       "      <td>-0.878063</td>\n",
       "      <td>0.014180</td>\n",
       "      <td>0.489150</td>\n",
       "      <td>-0.073097</td>\n",
       "      <td>-0.100319</td>\n",
       "      <td>0.950341</td>\n",
       "      <td>0.897125</td>\n",
       "      <td>0.251214</td>\n",
       "      <td>1.000000</td>\n",
       "      <td>-0.319266</td>\n",
       "      <td>0.308905</td>\n",
       "    </tr>\n",
       "    <tr>\n",
       "      <th>RRR</th>\n",
       "      <td>-0.175499</td>\n",
       "      <td>0.289936</td>\n",
       "      <td>0.289683</td>\n",
       "      <td>-0.088282</td>\n",
       "      <td>-0.393235</td>\n",
       "      <td>-0.092447</td>\n",
       "      <td>-0.182354</td>\n",
       "      <td>-0.295658</td>\n",
       "      <td>-0.139833</td>\n",
       "      <td>0.035438</td>\n",
       "      <td>-0.319266</td>\n",
       "      <td>1.000000</td>\n",
       "      <td>-0.001737</td>\n",
       "    </tr>\n",
       "    <tr>\n",
       "      <th>Month</th>\n",
       "      <td>0.292683</td>\n",
       "      <td>-0.114278</td>\n",
       "      <td>-0.115128</td>\n",
       "      <td>0.011657</td>\n",
       "      <td>0.117910</td>\n",
       "      <td>-0.074906</td>\n",
       "      <td>-0.035340</td>\n",
       "      <td>0.308171</td>\n",
       "      <td>0.294639</td>\n",
       "      <td>0.326938</td>\n",
       "      <td>0.308905</td>\n",
       "      <td>-0.001737</td>\n",
       "      <td>1.000000</td>\n",
       "    </tr>\n",
       "  </tbody>\n",
       "</table>\n",
       "</div>"
      ],
      "text/plain": [
       "              T        Po         P        Pa         U        Ff       ff3  \\\n",
       "T      1.000000 -0.857133 -0.857823 -0.106341  0.068423  0.085283 -0.077103   \n",
       "Po    -0.857133  1.000000  0.999974  0.068504 -0.315997  0.016855  0.051345   \n",
       "P     -0.857823  0.999974  1.000000  0.068383 -0.315675  0.016442  0.051644   \n",
       "Pa    -0.106341  0.068504  0.068383  1.000000  0.216656 -0.001578  0.140183   \n",
       "U      0.068423 -0.315997 -0.315675  0.216656  1.000000 -0.368921 -0.101770   \n",
       "Ff     0.085283  0.016855  0.016442 -0.001578 -0.368921  1.000000  0.543352   \n",
       "ff3   -0.077103  0.051345  0.051644  0.140183 -0.101770  0.543352  1.000000   \n",
       "Tn     0.926025 -0.864857 -0.865459  0.013858  0.322903  0.032819 -0.005599   \n",
       "Tx     0.930994 -0.863519 -0.864261  0.007061  0.184538  0.022994 -0.001502   \n",
       "VV     0.370029 -0.129903 -0.130407 -0.075322 -0.221553  0.209174  0.176546   \n",
       "Td     0.900307 -0.877515 -0.878063  0.014180  0.489150 -0.073097 -0.100319   \n",
       "RRR   -0.175499  0.289936  0.289683 -0.088282 -0.393235 -0.092447 -0.182354   \n",
       "Month  0.292683 -0.114278 -0.115128  0.011657  0.117910 -0.074906 -0.035340   \n",
       "\n",
       "             Tn        Tx        VV        Td       RRR     Month  \n",
       "T      0.926025  0.930994  0.370029  0.900307 -0.175499  0.292683  \n",
       "Po    -0.864857 -0.863519 -0.129903 -0.877515  0.289936 -0.114278  \n",
       "P     -0.865459 -0.864261 -0.130407 -0.878063  0.289683 -0.115128  \n",
       "Pa     0.013858  0.007061 -0.075322  0.014180 -0.088282  0.011657  \n",
       "U      0.322903  0.184538 -0.221553  0.489150 -0.393235  0.117910  \n",
       "Ff     0.032819  0.022994  0.209174 -0.073097 -0.092447 -0.074906  \n",
       "ff3   -0.005599 -0.001502  0.176546 -0.100319 -0.182354 -0.035340  \n",
       "Tn     1.000000  0.913461  0.359243  0.950341 -0.295658  0.308171  \n",
       "Tx     0.913461  1.000000  0.294031  0.897125 -0.139833  0.294639  \n",
       "VV     0.359243  0.294031  1.000000  0.251214  0.035438  0.326938  \n",
       "Td     0.950341  0.897125  0.251214  1.000000 -0.319266  0.308905  \n",
       "RRR   -0.295658 -0.139833  0.035438 -0.319266  1.000000 -0.001737  \n",
       "Month  0.308171  0.294639  0.326938  0.308905 -0.001737  1.000000  "
      ]
     },
     "execution_count": 62,
     "metadata": {},
     "output_type": "execute_result"
    }
   ],
   "source": [
    "corr=df.corr()\n",
    "corr"
   ]
  },
  {
   "cell_type": "code",
   "execution_count": 63,
   "metadata": {},
   "outputs": [
    {
     "data": {
      "text/plain": [
       "(array([ 0.5,  1.5,  2.5,  3.5,  4.5,  5.5,  6.5,  7.5,  8.5,  9.5, 10.5,\n",
       "        11.5, 12.5]),\n",
       " [Text(0, 0.5, 'T'),\n",
       "  Text(0, 1.5, 'Po'),\n",
       "  Text(0, 2.5, 'P'),\n",
       "  Text(0, 3.5, 'Pa'),\n",
       "  Text(0, 4.5, 'U'),\n",
       "  Text(0, 5.5, 'Ff'),\n",
       "  Text(0, 6.5, 'ff3'),\n",
       "  Text(0, 7.5, 'Tn'),\n",
       "  Text(0, 8.5, 'Tx'),\n",
       "  Text(0, 9.5, 'VV'),\n",
       "  Text(0, 10.5, 'Td'),\n",
       "  Text(0, 11.5, 'RRR'),\n",
       "  Text(0, 12.5, 'Month')])"
      ]
     },
     "execution_count": 63,
     "metadata": {},
     "output_type": "execute_result"
    },
    {
     "data": {
